0	1.000000	0.000000	0.000000	0.000000	0.000000	0.000000	0.000000	0.000000	0.000000	0.000000	0.000000	
1	0.998669	0.001331	0.000000	0.000000	0.000000	0.000000	0.000000	0.000000	0.000000	0.000000	0.000000	
2	0.997616	0.002384	0.000000	0.000000	0.000000	0.000000	0.000000	0.000000	0.000000	0.000000	0.000000	
3	0.996042	0.003958	0.000000	0.000000	0.000000	0.000000	0.000000	0.000000	0.000000	0.000000	0.000000	
4	0.994987	0.005013	0.000000	0.000000	0.000000	0.000000	0.000000	0.000000	0.000000	0.000000	0.000000	
5	0.994348	0.005652	0.000000	0.000000	0.000000	0.000000	0.000000	0.000000	0.000000	0.000000	0.000000	
6	0.993500	0.006402	0.000098	0.000000	0.000000	0.000000	0.000000	0.000000	0.000000	0.000000	0.000000	
7	0.992886	0.007017	0.000097	0.000000	0.000000	0.000000	0.000000	0.000000	0.000000	0.000000	0.000000	
8	0.992073	0.007830	0.000097	0.000000	0.000000	0.000000	0.000000	0.000000	0.000000	0.000000	0.000000	
9	0.990671	0.009233	0.000096	0.000000	0.000000	0.000000	0.000000	0.000000	0.000000	0.000000	0.000000	
10	0.989948	0.009956	0.000096	0.000000	0.000000	0.000000	0.000000	0.000000	0.000000	0.000000	0.000000	
11	0.989289	0.010615	0.000095	0.000000	0.000000	0.000000	0.000000	0.000000	0.000000	0.000000	0.000000	
12	0.988315	0.011590	0.000095	0.000000	0.000000	0.000000	0.000000	0.000000	0.000000	0.000000	0.000000	
13	0.987501	0.012309	0.000189	0.000000	0.000000	0.000000	0.000000	0.000000	0.000000	0.000000	0.000000	
14	0.986588	0.013224	0.000188	0.000000	0.000000	0.000000	0.000000	0.000000	0.000000	0.000000	0.000000	
15	0.985824	0.013989	0.000187	0.000000	0.000000	0.000000	0.000000	0.000000	0.000000	0.000000	0.000000	
16	0.985406	0.014406	0.000187	0.000000	0.000000	0.000000	0.000000	0.000000	0.000000	0.000000	0.000000	
17	0.984444	0.015370	0.000187	0.000000	0.000000	0.000000	0.000000	0.000000	0.000000	0.000000	0.000000	
18	0.983536	0.016277	0.000187	0.000000	0.000000	0.000000	0.000000	0.000000	0.000000	0.000000	0.000000	
19	0.982541	0.017084	0.000374	0.000000	0.000000	0.000000	0.000000	0.000000	0.000000	0.000000	0.000000	
20	0.982730	0.016896	0.000374	0.000000	0.000000	0.000000	0.000000	0.000000	0.000000	0.000000	0.000000	
21	0.981793	0.017834	0.000373	0.000000	0.000000	0.000000	0.000000	0.000000	0.000000	0.000000	0.000000	
22	0.980731	0.018898	0.000372	0.000000	0.000000	0.000000	0.000000	0.000000	0.000000	0.000000	0.000000	
23	0.980260	0.019274	0.000466	0.000000	0.000000	0.000000	0.000000	0.000000	0.000000	0.000000	0.000000	
24	0.979657	0.019877	0.000466	0.000000	0.000000	0.000000	0.000000	0.000000	0.000000	0.000000	0.000000	
25	0.978709	0.020729	0.000562	0.000000	0.000000	0.000000	0.000000	0.000000	0.000000	0.000000	0.000000	
26	0.977790	0.021650	0.000560	0.000000	0.000000	0.000000	0.000000	0.000000	0.000000	0.000000	0.000000	
27	0.977165	0.022272	0.000563	0.000000	0.000000	0.000000	0.000000	0.000000	0.000000	0.000000	0.000000	
28	0.975738	0.023509	0.000752	0.000000	0.000000	0.000000	0.000000	0.000000	0.000000	0.000000	0.000000	
29	0.974955	0.024201	0.000844	0.000000	0.000000	0.000000	0.000000	0.000000	0.000000	0.000000	0.000000	
30	0.973814	0.025339	0.000847	0.000000	0.000000	0.000000	0.000000	0.000000	0.000000	0.000000	0.000000	
31	0.973002	0.026433	0.000565	0.000000	0.000000	0.000000	0.000000	0.000000	0.000000	0.000000	0.000000	
32	0.972174	0.027167	0.000659	0.000000	0.000000	0.000000	0.000000	0.000000	0.000000	0.000000	0.000000	
33	0.970398	0.028940	0.000662	0.000000	0.000000	0.000000	0.000000	0.000000	0.000000	0.000000	0.000000	
34	0.970199	0.029138	0.000664	0.000000	0.000000	0.000000	0.000000	0.000000	0.000000	0.000000	0.000000	
35	0.969631	0.029703	0.000666	0.000000	0.000000	0.000000	0.000000	0.000000	0.000000	0.000000	0.000000	
36	0.968332	0.031001	0.000667	0.000000	0.000000	0.000000	0.000000	0.000000	0.000000	0.000000	0.000000	
37	0.966464	0.032577	0.000958	0.000000	0.000000	0.000000	0.000000	0.000000	0.000000	0.000000	0.000000	
38	0.966091	0.032946	0.000963	0.000000	0.000000	0.000000	0.000000	0.000000	0.000000	0.000000	0.000000	
39	0.965129	0.033775	0.000967	0.000129	0.000000	0.000000	0.000000	0.000000	0.000000	0.000000	0.000000	
40	0.964534	0.034369	0.000967	0.000129	0.000000	0.000000	0.000000	0.000000	0.000000	0.000000	0.000000	
41	0.963908	0.034899	0.001064	0.000129	0.000000	0.000000	0.000000	0.000000	0.000000	0.000000	0.000000	
42	0.962915	0.035891	0.001065	0.000129	0.000000	0.000000	0.000000	0.000000	0.000000	0.000000	0.000000	
43	0.961841	0.036958	0.001072	0.000130	0.000000	0.000000	0.000000	0.000000	0.000000	0.000000	0.000000	
44	0.960407	0.038223	0.000978	0.000391	0.000000	0.000000	0.000000	0.000000	0.000000	0.000000	0.000000	
45	0.959162	0.039367	0.001079	0.000392	0.000000	0.000000	0.000000	0.000000	0.000000	0.000000	0.000000	
46	0.958302	0.040093	0.001081	0.000524	0.000000	0.000000	0.000000	0.000000	0.000000	0.000000	0.000000	
47	0.958461	0.039699	0.001183	0.000657	0.000000	0.000000	0.000000	0.000000	0.000000	0.000000	0.000000	
48	0.956217	0.041876	0.001381	0.000526	0.000000	0.000000	0.000000	0.000000	0.000000	0.000000	0.000000	
49	0.954670	0.043751	0.001184	0.000395	0.000000	0.000000	0.000000	0.000000	0.000000	0.000000	0.000000	
50	0.952903	0.045721	0.000983	0.000393	0.000000	0.000000	0.000000	0.000000	0.000000	0.000000	0.000000	
51	0.951330	0.047319	0.001087	0.000264	0.000000	0.000000	0.000000	0.000000	0.000000	0.000000	0.000000	
52	0.949437	0.049019	0.001281	0.000263	0.000000	0.000000	0.000000	0.000000	0.000000	0.000000	0.000000	
53	0.946289	0.051739	0.001578	0.000394	0.000000	0.000000	0.000000	0.000000	0.000000	0.000000	0.000000	
54	0.944452	0.052781	0.002372	0.000395	0.000000	0.000000	0.000000	0.000000	0.000000	0.000000	0.000000	
55	0.944178	0.052943	0.002482	0.000397	0.000000	0.000000	0.000000	0.000000	0.000000	0.000000	0.000000	
56	0.943510	0.053100	0.002991	0.000399	0.000000	0.000000	0.000000	0.000000	0.000000	0.000000	0.000000	
57	0.942090	0.054036	0.003206	0.000668	0.000000	0.000000	0.000000	0.000000	0.000000	0.000000	0.000000	
58	0.940627	0.055135	0.003304	0.000934	0.000000	0.000000	0.000000	0.000000	0.000000	0.000000	0.000000	
59	0.938471	0.057244	0.003214	0.001071	0.000000	0.000000	0.000000	0.000000	0.000000	0.000000	0.000000	
60	0.937094	0.058690	0.003413	0.000803	0.000000	0.000000	0.000000	0.000000	0.000000	0.000000	0.000000	
61	0.936001	0.059576	0.003619	0.000804	0.000000	0.000000	0.000000	0.000000	0.000000	0.000000	0.000000	
62	0.934991	0.061169	0.003032	0.000808	0.000000	0.000000	0.000000	0.000000	0.000000	0.000000	0.000000	
63	0.932686	0.063119	0.003653	0.000541	0.000000	0.000000	0.000000	0.000000	0.000000	0.000000	0.000000	
64	0.930648	0.064675	0.004139	0.000538	0.000000	0.000000	0.000000	0.000000	0.000000	0.000000	0.000000	
65	0.927541	0.067471	0.004449	0.000539	0.000000	0.000000	0.000000	0.000000	0.000000	0.000000	0.000000	
66	0.927614	0.066948	0.004763	0.000676	0.000000	0.000000	0.000000	0.000000	0.000000	0.000000	0.000000	
67	0.926477	0.067306	0.005676	0.000541	0.000000	0.000000	0.000000	0.000000	0.000000	0.000000	0.000000	
68	0.923225	0.069832	0.006401	0.000542	0.000000	0.000000	0.000000	0.000000	0.000000	0.000000	0.000000	
69	0.922789	0.070439	0.006227	0.000544	0.000000	0.000000	0.000000	0.000000	0.000000	0.000000	0.000000	
70	0.920625	0.071305	0.007049	0.000817	0.000000	0.000204	0.000000	0.000000	0.000000	0.000000	0.000000	
71	0.918857	0.072892	0.007569	0.000682	0.000000	0.000000	0.000000	0.000000	0.000000	0.000000	0.000000	
72	0.916502	0.074357	0.008186	0.000955	0.000000	0.000000	0.000000	0.000000	0.000000	0.000000	0.000000	
73	0.914562	0.075596	0.008817	0.000820	0.000000	0.000205	0.000000	0.000000	0.000000	0.000000	0.000000	
74	0.909979	0.079090	0.009561	0.000959	0.000000	0.000411	0.000000	0.000000	0.000000	0.000000	0.000000	
75	0.906971	0.081216	0.010375	0.001233	0.000000	0.000205	0.000000	0.000000	0.000000	0.000000	0.000000	
76	0.905107	0.081818	0.011634	0.001236	0.000000	0.000206	0.000000	0.000000	0.000000	0.000000	0.000000	
77	0.902841	0.083437	0.012072	0.001238	0.000000	0.000413	0.000000	0.000000	0.000000	0.000000	0.000000	
78	0.898942	0.086582	0.012822	0.001241	0.000000	0.000414	0.000000	0.000000	0.000000	0.000000	0.000000	
79	0.896151	0.088688	0.013644	0.001516	0.000000	0.000000	0.000000	0.000000	0.000000	0.000000	0.000000	
80	0.892845	0.091324	0.014103	0.001521	0.000000	0.000207	0.000000	0.000000	0.000000	0.000000	0.000000	
81	0.887918	0.094921	0.015081	0.001664	0.000000	0.000416	0.000000	0.000000	0.000000	0.000000	0.000000	
82	0.884358	0.096518	0.016837	0.001801	0.000000	0.000416	0.000000	0.000000	0.000000	0.000000	0.000000	
83	0.879876	0.098686	0.018465	0.002490	0.000000	0.000415	0.000000	0.000000	0.000000	0.000000	0.000000	
84	0.874770	0.100975	0.021548	0.002498	0.000000	0.000208	0.000000	0.000000	0.000000	0.000000	0.000000	
85	0.868902	0.105073	0.023037	0.002780	0.000000	0.000208	0.000000	0.000000	0.000000	0.000000	0.000000	
86	0.865347	0.106336	0.025475	0.002634	0.000000	0.000208	0.000000	0.000000	0.000000	0.000000	0.000000	
87	0.858646	0.110096	0.028132	0.002362	0.000347	0.000417	0.000000	0.000000	0.000000	0.000000	0.000000	
88	0.852590	0.113027	0.030473	0.002932	0.000349	0.000628	0.000000	0.000000	0.000000	0.000000	0.000000	
89	0.846004	0.117304	0.032627	0.003058	0.000174	0.000834	0.000000	0.000000	0.000000	0.000000	0.000000	
90	0.841364	0.119308	0.035876	0.003068	0.000174	0.000209	0.000000	0.000000	0.000000	0.000000	0.000000	
91	0.836059	0.121779	0.038187	0.003208	0.000349	0.000418	0.000000	0.000000	0.000000	0.000000	0.000000	
92	0.830358	0.125767	0.040087	0.002806	0.000351	0.000631	0.000000	0.000000	0.000000	0.000000	0.000000	
93	0.824177	0.128506	0.042977	0.002964	0.000529	0.000847	0.000000	0.000000	0.000000	0.000000	0.000000	
94	0.817055	0.131124	0.047052	0.003391	0.000530	0.000848	0.000000	0.000000	0.000000	0.000000	0.000000	
95	0.810833	0.132777	0.050878	0.003957	0.000707	0.000848	0.000000	0.000000	0.000000	0.000000	0.000000	
96	0.804254	0.134909	0.054785	0.004105	0.000885	0.001062	0.000000	0.000000	0.000000	0.000000	0.000000	
97	0.797030	0.138771	0.057875	0.003979	0.001066	0.001279	0.000000	0.000000	0.000000	0.000000	0.000000	
98	0.790768	0.139796	0.062684	0.003269	0.001777	0.001706	0.000000	0.000000	0.000000	0.000000	0.000000	
99	0.779496	0.144254	0.068572	0.003413	0.002133	0.002133	0.000000	0.000000	0.000000	0.000000	0.000000	
100	0.773992	0.145719	0.073074	0.003714	0.001786	0.001714	0.000000	0.000000	0.000000	0.000000	0.000000	
101	0.768192	0.146686	0.077702	0.003890	0.001801	0.001729	0.000000	0.000000	0.000000	0.000000	0.000000	
102	0.761766	0.148942	0.081467	0.004039	0.001623	0.002164	0.000000	0.000000	0.000000	0.000000	0.000000	
103	0.754372	0.150817	0.087368	0.004047	0.001445	0.001951	0.000000	0.000000	0.000000	0.000000	0.000000	
104	0.746796	0.152561	0.092256	0.004357	0.001634	0.002396	0.000000	0.000000	0.000000	0.000000	0.000000	
105	0.738743	0.153432	0.099866	0.003925	0.001635	0.002399	0.000000	0.000000	0.000000	0.000000	0.000000	
106	0.734164	0.153280	0.103377	0.004080	0.001457	0.002186	0.000000	0.000000	0.000000	0.001457	0.000000	
107	0.723659	0.156812	0.109783	0.004493	0.001268	0.002174	0.000000	0.000000	0.000000	0.001812	0.000000	
108	0.716969	0.156624	0.115514	0.004632	0.001628	0.002823	0.000000	0.000000	0.000000	0.001809	0.000000	
109	0.705994	0.157916	0.125159	0.003935	0.001822	0.002623	0.000000	0.000000	0.000000	0.002551	0.000000	
110	0.696263	0.158894	0.133348	0.004233	0.002007	0.003065	0.000000	0.000000	0.000000	0.002190	0.000000	
111	0.690194	0.161386	0.137358	0.004249	0.002564	0.002417	0.000000	0.000000	0.000000	0.001831	0.000000	
112	0.678929	0.162669	0.146557	0.004120	0.002575	0.003311	0.000000	0.000000	0.000000	0.001839	0.000000	
113	0.665847	0.164618	0.156765	0.003816	0.002569	0.004183	0.000000	0.000000	0.000000	0.002202	0.000000	
114	0.656680	0.166139	0.164520	0.004269	0.002944	0.003975	0.000000	0.000000	0.000000	0.001472	0.000000	
115	0.649521	0.165708	0.171792	0.004425	0.002212	0.004867	0.000000	0.000000	0.000000	0.001475	0.000000	
116	0.640867	0.165635	0.178682	0.004570	0.002211	0.005086	0.000000	0.000000	0.000000	0.002949	0.000000	
117	0.633925	0.167057	0.183614	0.004911	0.001860	0.006027	0.000000	0.000000	0.000000	0.002604	0.000000	
118	0.624991	0.168679	0.189792	0.005100	0.002438	0.006750	0.000000	0.000000	0.000000	0.002250	0.000000	
119	0.618862	0.169002	0.195792	0.005260	0.002067	0.006763	0.000000	0.000000	0.000000	0.002254	0.000000	
120	0.607845	0.168787	0.206542	0.005420	0.001694	0.007453	0.000000	0.000000	0.000000	0.002259	0.000000	
121	0.597556	0.168910	0.217716	0.005548	0.001874	0.006522	0.000000	0.000000	0.000000	0.001874	0.000000	
122	0.587996	0.169398	0.226630	0.005576	0.002261	0.007008	0.000000	0.000000	0.000000	0.001130	0.000000	
123	0.576411	0.170883	0.233928	0.005731	0.002639	0.009276	0.000000	0.000000	0.000000	0.001131	0.000000	
124	0.566576	0.172208	0.240670	0.005579	0.003204	0.010631	0.000000	0.000000	0.000000	0.001131	0.000000	
125	0.557011	0.172938	0.249217	0.005737	0.003019	0.011323	0.000000	0.000000	0.000000	0.000755	0.000000	
126	0.551469	0.171338	0.257120	0.005908	0.002840	0.010226	0.000000	0.000000	0.000341	0.000757	0.000000	
127	0.539262	0.171958	0.267360	0.006055	0.002838	0.010672	0.000000	0.000000	0.000341	0.001514	0.000000	
128	0.530704	0.173754	0.273309	0.005939	0.003997	0.011193	0.000000	0.000000	0.000343	0.000761	0.000000	
129	0.524656	0.173723	0.277942	0.006131	0.004023	0.012414	0.000000	0.000000	0.000345	0.000766	0.000000	
130	0.515752	0.175992	0.284348	0.006016	0.004049	0.012725	0.000000	0.000000	0.000347	0.000771	0.000000	
131	0.506927	0.175683	0.292547	0.006501	0.004450	0.012770	0.000000	0.000000	0.000348	0.000774	0.000000	
132	0.498063	0.177501	0.299605	0.007128	0.004261	0.012319	0.000000	0.000000	0.000349	0.000775	0.000000	
133	0.489222	0.177962	0.308657	0.006991	0.004855	0.011186	0.000000	0.000000	0.000350	0.000777	0.000000	
134	0.480513	0.177191	0.316029	0.007461	0.004857	0.012823	0.000000	0.000000	0.000350	0.000777	0.000000	
135	0.475425	0.176381	0.322194	0.007496	0.005661	0.011712	0.000000	0.000000	0.000351	0.000781	0.000000	
136	0.464273	0.175177	0.332383	0.007501	0.005860	0.014064	0.000000	0.000000	0.000352	0.000391	0.000000	
137	0.458351	0.172849	0.339718	0.007505	0.006059	0.014072	0.000000	0.000000	0.001055	0.000391	0.000000	
138	0.450152	0.173102	0.348233	0.007489	0.005851	0.013340	0.000000	0.000000	0.001053	0.000780	0.000000	
139	0.445951	0.172737	0.353955	0.007504	0.005471	0.012897	0.000000	0.000000	0.000703	0.000782	0.000000	
140	0.437181	0.172831	0.360542	0.007067	0.006282	0.014605	0.000000	0.000000	0.000707	0.000785	0.000000	
141	0.427787	0.172480	0.371484	0.007376	0.006670	0.012712	0.000000	0.000000	0.000706	0.000785	0.000000	
142	0.419531	0.171321	0.380044	0.007079	0.007079	0.013451	0.000000	0.000000	0.000708	0.000787	0.000000	
143	0.415114	0.171071	0.385264	0.006458	0.006892	0.013705	0.000000	0.000000	0.000709	0.000788	0.000000	
144	0.408458	0.169552	0.393116	0.006294	0.005901	0.015578	0.000000	0.000000	0.000708	0.000393	0.000000	
145	0.401428	0.168733	0.399663	0.006278	0.005690	0.016716	0.000000	0.000000	0.000706	0.000785	0.000000	
146	0.392368	0.169183	0.406369	0.006745	0.006079	0.017412	0.000000	0.000000	0.001059	0.000784	0.000000	
147	0.384585	0.170490	0.412123	0.006442	0.005893	0.018620	0.000000	0.000000	0.001061	0.000786	0.000000	
148	0.379018	0.169119	0.416131	0.006784	0.006508	0.020588	0.000000	0.000000	0.001065	0.000789	0.000000	
149	0.372997	0.169548	0.419844	0.007262	0.006512	0.022022	0.000000	0.000000	0.001421	0.000395	0.000000	
150	0.368388	0.170201	0.424872	0.006937	0.005912	0.021521	0.000000	0.000000	0.001774	0.000394	0.000000	
151	0.362962	0.172462	0.428062	0.007136	0.006145	0.021409	0.000000	0.000000	0.001427	0.000396	0.000000	
152	0.358180	0.171990	0.435424	0.006682	0.005370	0.020524	0.000000	0.000000	0.001432	0.000398	0.000000	
153	0.352397	0.169543	0.443705	0.006536	0.005181	0.020804	0.000000	0.000000	0.001435	0.000399	0.000000	
154	0.349704	0.168663	0.445815	0.006686	0.005572	0.021730	0.000000	0.000000	0.001433	0.000398	0.000000	
155	0.344740	0.167846	0.450820	0.006434	0.005630	0.022680	0.000000	0.000000	0.001448	0.000402	0.000000	
156	0.339681	0.168247	0.455840	0.006133	0.005447	0.022514	0.000282	0.000000	0.001452	0.000403	0.000000	
157	0.333118	0.165507	0.463742	0.006151	0.005665	0.023309	0.000283	0.000000	0.001821	0.000405	0.000000	
158	0.327235	0.163396	0.470317	0.006462	0.005856	0.024231	0.000283	0.000000	0.001817	0.000404	0.000000	
159	0.320406	0.163057	0.477513	0.006963	0.005667	0.024289	0.000283	0.000000	0.001822	0.000000	0.000000	
160	0.317778	0.161038	0.481654	0.006811	0.006284	0.024326	0.000284	0.000000	0.001824	0.000000	0.000000	
161	0.313245	0.160465	0.485787	0.007482	0.006506	0.024399	0.000285	0.000000	0.001830	0.000000	0.000000	
162	0.307298	0.160612	0.488801	0.007330	0.006719	0.027122	0.000285	0.000000	0.001833	0.000000	0.000000	
163	0.300617	0.159912	0.496305	0.007797	0.007309	0.025583	0.000284	0.000000	0.002193	0.000000	0.000000	
164	0.293780	0.160378	0.502320	0.008376	0.006775	0.025867	0.000287	0.000000	0.002217	0.000000	0.000000	
165	0.291754	0.162439	0.505012	0.008085	0.005569	0.024997	0.000289	0.000000	0.001856	0.000000	0.000000	
166	0.283161	0.159270	0.516095	0.008508	0.005931	0.025277	0.000286	0.000000	0.001472	0.000000	0.000000	
167	0.277221	0.158154	0.522869	0.008376	0.006364	0.025620	0.000287	0.000000	0.001109	0.000000	0.000000	
168	0.271858	0.159877	0.525335	0.008776	0.006417	0.026329	0.000290	0.000000	0.001118	0.000000	0.000000	
169	0.268134	0.161607	0.528041	0.008519	0.006473	0.025807	0.000292	0.000000	0.001127	0.000000	0.000000	
170	0.262462	0.160254	0.536593	0.008866	0.006691	0.023336	0.000293	0.000000	0.001506	0.000000	0.000000	
171	0.258964	0.158943	0.542000	0.009394	0.006920	0.021640	0.000294	0.000336	0.001510	0.000000	0.000000	
172	0.254743	0.159136	0.544495	0.008711	0.006910	0.023870	0.000293	0.000335	0.001508	0.000000	0.000000	
173	0.254120	0.158258	0.546321	0.008980	0.006354	0.024145	0.000297	0.000000	0.001525	0.000000	0.000000	
174	0.251333	0.157430	0.548829	0.009557	0.006186	0.024830	0.000299	0.000000	0.001536	0.000000	0.000000	
175	0.246827	0.155185	0.552655	0.009848	0.006155	0.027505	0.000297	0.000000	0.001528	0.000000	0.000000	
176	0.245361	0.155270	0.554878	0.009726	0.006185	0.026362	0.000299	0.000000	0.001920	0.000000	0.000000	
177	0.240438	0.154274	0.561778	0.008728	0.005990	0.026953	0.000299	0.000000	0.001540	0.000000	0.000000	
178	0.237234	0.151645	0.565456	0.008739	0.006426	0.028273	0.000300	0.000000	0.001928	0.000000	0.000000	
179	0.232203	0.150224	0.572873	0.007678	0.005971	0.028407	0.000299	0.000000	0.001919	0.000427	0.000000	
180	0.228980	0.150320	0.576697	0.008365	0.006189	0.026889	0.000598	0.000000	0.001536	0.000427	0.000000	
181	0.225499	0.148481	0.582767	0.008206	0.006197	0.026670	0.000598	0.000000	0.001154	0.000427	0.000000	
182	0.221666	0.149972	0.584327	0.008550	0.006199	0.026420	0.000898	0.000000	0.001539	0.000428	0.000000	
183	0.219158	0.150388	0.587590	0.008393	0.006851	0.025179	0.000899	0.000000	0.001542	0.000000	0.000000	
184	0.218262	0.151726	0.588807	0.008386	0.006204	0.023362	0.000899	0.000000	0.001925	0.000428	0.000000	
185	0.215793	0.150154	0.592800	0.008541	0.006406	0.023061	0.000897	0.000000	0.001922	0.000427	0.000000	
186	0.213992	0.149761	0.596049	0.007869	0.006628	0.022836	0.000898	0.000000	0.001540	0.000428	0.000000	
187	0.211959	0.148269	0.599538	0.008389	0.007062	0.022600	0.000599	0.000000	0.001156	0.000428	0.000000	
188	0.211112	0.145239	0.602011	0.008938	0.006875	0.023204	0.000602	0.000000	0.001160	0.000859	0.000000	
189	0.206455	0.144187	0.604887	0.008791	0.006679	0.026372	0.000603	0.000000	0.001163	0.000862	0.000000	
190	0.204420	0.142449	0.608848	0.008649	0.007135	0.025428	0.000605	0.000000	0.001168	0.001297	0.000000	
191	0.201004	0.142171	0.613273	0.009351	0.006927	0.024936	0.000303	0.000000	0.001169	0.000866	0.000000	
192	0.198268	0.140260	0.616623	0.008831	0.007359	0.025974	0.000303	0.000346	0.001169	0.000866	0.000000	
193	0.196844	0.140101	0.618362	0.008670	0.007586	0.025749	0.000303	0.000347	0.001170	0.000867	0.000000	
194	0.193058	0.139784	0.619682	0.008655	0.007573	0.028563	0.000303	0.000346	0.001168	0.000866	0.000000	
195	0.189844	0.139152	0.622400	0.009225	0.007180	0.029501	0.000305	0.000348	0.001175	0.000870	0.000000	
196	0.189290	0.139138	0.623248	0.008881	0.008272	0.028472	0.000305	0.000348	0.001175	0.000871	0.000000	
197	0.186143	0.140144	0.626313	0.008754	0.007878	0.028361	0.000000	0.000350	0.001182	0.000875	0.000000	
198	0.180513	0.138142	0.634903	0.009280	0.008098	0.027051	0.000000	0.000350	0.000788	0.000875	0.000000	
199	0.179188	0.139359	0.635611	0.008890	0.008280	0.026669	0.000000	0.000349	0.000784	0.000872	0.000000	
200	0.177686	0.138356	0.636368	0.009265	0.008522	0.027794	0.000000	0.000350	0.000787	0.000874	0.000000	
201	0.175901	0.136966	0.637857	0.009386	0.007822	0.028940	0.000000	0.000695	0.001564	0.000869	0.000000	
202	0.170804	0.135721	0.644916	0.009216	0.008912	0.027649	0.000000	0.000348	0.001565	0.000869	0.000000	
203	0.171400	0.136806	0.644287	0.008899	0.009161	0.026698	0.000000	0.000349	0.001963	0.000436	0.000000	
204	0.169773	0.135031	0.648202	0.008051	0.010064	0.026516	0.000000	0.000350	0.001575	0.000438	0.000000	
205	0.167841	0.134886	0.649919	0.008403	0.010066	0.026522	0.000000	0.000350	0.001576	0.000438	0.000000	
206	0.165141	0.134824	0.653701	0.008448	0.010341	0.025609	0.000000	0.000352	0.001584	0.000000	0.000000	
207	0.161106	0.135039	0.655018	0.008616	0.009671	0.028221	0.000000	0.000352	0.001978	0.000000	0.000000	
208	0.158398	0.134955	0.658925	0.007551	0.009658	0.028185	0.000000	0.000351	0.001976	0.000000	0.000000	
209	0.155131	0.135773	0.662159	0.007955	0.009723	0.026518	0.000000	0.000354	0.002387	0.000000	0.000000	
210	0.153184	0.133558	0.664683	0.007992	0.009546	0.027440	0.000000	0.000355	0.003197	0.000000	0.000000	
211	0.153110	0.132374	0.666741	0.008223	0.009162	0.026010	0.000000	0.000715	0.003620	0.000000	0.000000	
212	0.152324	0.132172	0.666354	0.008222	0.009607	0.027346	0.000000	0.000715	0.003217	0.000000	0.000000	
213	0.151130	0.131215	0.669814	0.007876	0.009398	0.027389	0.000000	0.000716	0.002417	0.000000	0.000000	
214	0.149369	0.131395	0.669685	0.008385	0.008474	0.029169	0.000000	0.001070	0.002408	0.000000	0.000000	
215	0.146402	0.129387	0.673166	0.008685	0.008419	0.030043	0.000000	0.001063	0.002792	0.000000	0.000000	
216	0.145572	0.129378	0.672942	0.008923	0.007361	0.031586	0.000000	0.001428	0.002811	0.000000	0.000000	
217	0.142838	0.126631	0.679772	0.008549	0.007124	0.031257	0.000000	0.001425	0.002404	0.000000	0.000000	
218	0.140747	0.128025	0.681539	0.008007	0.007117	0.031495	0.000000	0.001068	0.002002	0.000000	0.000000	
219	0.140302	0.126196	0.680550	0.008188	0.006897	0.034441	0.000000	0.001424	0.002002	0.000000	0.000000	
220	0.140564	0.125905	0.681775	0.007734	0.007195	0.033725	0.000000	0.001079	0.002023	0.000000	0.000000	
221	0.135493	0.126007	0.686370	0.007696	0.008054	0.033292	0.000000	0.001074	0.002014	0.000000	0.000000	
222	0.135494	0.126754	0.683878	0.008247	0.008068	0.034154	0.000314	0.001076	0.002017	0.000000	0.000000	
223	0.134634	0.125101	0.685583	0.008814	0.007645	0.034805	0.000315	0.001079	0.002024	0.000000	0.000000	
224	0.132094	0.124703	0.687077	0.008959	0.005823	0.037088	0.000314	0.001075	0.002419	0.000448	0.000000	
225	0.131272	0.124961	0.686658	0.008951	0.005595	0.038670	0.000313	0.000716	0.002417	0.000448	0.000000	
226	0.129860	0.124798	0.687377	0.008601	0.005151	0.040315	0.000314	0.000717	0.002419	0.000448	0.000000	
227	0.127661	0.123269	0.689587	0.009144	0.005155	0.041687	0.000314	0.000717	0.002017	0.000448	0.000000	
228	0.126214	0.123096	0.691681	0.009263	0.004676	0.041952	0.000312	0.000356	0.002004	0.000445	0.000000	
229	0.125838	0.122442	0.694030	0.009116	0.005139	0.039950	0.000313	0.000715	0.002011	0.000447	0.000000	
230	0.126275	0.121242	0.692174	0.008908	0.004900	0.043027	0.000312	0.000713	0.002004	0.000445	0.000000	
231	0.125417	0.121277	0.695339	0.009082	0.005343	0.040337	0.000000	0.000712	0.001603	0.000890	0.000000	
232	0.124137	0.121998	0.696431	0.009090	0.005124	0.040102	0.000312	0.000713	0.001203	0.000891	0.000000	
233	0.123087	0.121301	0.698889	0.008747	0.004686	0.040166	0.000312	0.000714	0.001205	0.000893	0.000000	
234	0.122341	0.120694	0.698932	0.008545	0.005785	0.040587	0.000312	0.000712	0.001202	0.000890	0.000000	
235	0.121755	0.119666	0.700391	0.009246	0.005557	0.040274	0.000311	0.000711	0.001200	0.000889	0.000000	
236	0.120274	0.117547	0.702065	0.008939	0.005810	0.041834	0.000313	0.000715	0.001609	0.000894	0.000000	
237	0.118826	0.116777	0.704405	0.008373	0.006235	0.041420	0.000312	0.000713	0.001603	0.001336	0.000000	
238	0.117726	0.117369	0.706221	0.008919	0.006466	0.039331	0.000312	0.000713	0.001605	0.001338	0.000000	
239	0.115901	0.117374	0.710939	0.009283	0.006694	0.035882	0.000312	0.001071	0.001205	0.001339	0.000000	
240	0.113721	0.116366	0.714734	0.009861	0.006500	0.035232	0.000314	0.000717	0.001210	0.001345	0.000000	
241	0.112471	0.118476	0.715731	0.009933	0.006321	0.033863	0.000316	0.000722	0.000813	0.001355	0.000000	
242	0.113358	0.118401	0.714902	0.009087	0.006134	0.034893	0.000318	0.000727	0.000818	0.001363	0.000000	
243	0.112540	0.119722	0.714649	0.008181	0.006136	0.035180	0.000318	0.001091	0.000818	0.001364	0.000000	
244	0.112609	0.118101	0.715686	0.008896	0.006808	0.034314	0.000318	0.001089	0.000817	0.001362	0.000000	
245	0.111041	0.115790	0.720385	0.009408	0.007237	0.032566	0.000317	0.001086	0.000814	0.001357	0.000000	
246	0.109743	0.115628	0.723922	0.009055	0.006112	0.031510	0.000317	0.001087	0.000815	0.001811	0.000000	
247	0.110257	0.116817	0.719767	0.009230	0.006334	0.033932	0.000317	0.000724	0.000814	0.001810	0.000000	
248	0.109691	0.116261	0.720810	0.009968	0.006117	0.033981	0.000317	0.000725	0.001223	0.000906	0.000000	
249	0.109452	0.115251	0.720685	0.009680	0.006164	0.034795	0.000320	0.001096	0.001644	0.000913	0.000000	
250	0.109203	0.113075	0.722460	0.009658	0.006606	0.034989	0.000319	0.000729	0.002050	0.000911	0.000000	
251	0.109270	0.113287	0.720800	0.009494	0.007075	0.036423	0.000320	0.000365	0.002054	0.000913	0.000000	
252	0.106805	0.113591	0.721306	0.009838	0.008198	0.036619	0.000319	0.000364	0.002050	0.000911	0.000000	
253	0.105854	0.114523	0.722453	0.009490	0.007757	0.036684	0.000319	0.000365	0.001643	0.000913	0.000000	
254	0.106188	0.112199	0.723328	0.009653	0.007286	0.037430	0.000637	0.000729	0.001639	0.000911	0.000000	
255	0.104632	0.111631	0.725967	0.009454	0.007045	0.037362	0.000636	0.000727	0.001636	0.000909	0.000000	
256	0.102862	0.111404	0.726488	0.009269	0.006815	0.039255	0.000636	0.000727	0.001636	0.000909	0.000000	
257	0.100354	0.111474	0.728214	0.009078	0.006127	0.040850	0.000635	0.000726	0.001634	0.000908	0.000000	
258	0.098934	0.112286	0.731681	0.007109	0.006152	0.039920	0.000638	0.000729	0.001641	0.000911	0.000000	
259	0.097567	0.112833	0.731407	0.007109	0.006380	0.040467	0.000957	0.000729	0.001641	0.000911	0.000000	
260	0.095487	0.111953	0.734861	0.007258	0.007258	0.039737	0.000635	0.000726	0.001633	0.000454	0.000000	
261	0.095277	0.111595	0.735110	0.007796	0.006119	0.040250	0.000635	0.000725	0.002040	0.000453	0.000000	
262	0.095180	0.110443	0.734008	0.008019	0.005923	0.042920	0.000638	0.000364	0.002050	0.000456	0.000000	
263	0.094358	0.111933	0.734045	0.007669	0.005478	0.043002	0.000639	0.000365	0.002054	0.000456	0.000000	
264	0.094415	0.111983	0.733777	0.007301	0.005476	0.043534	0.000639	0.000365	0.002053	0.000456	0.000000	
265	0.094530	0.110400	0.736623	0.006768	0.005259	0.043629	0.000320	0.000366	0.001646	0.000457	0.000000	
266	0.093039	0.110119	0.738606	0.006998	0.005755	0.043090	0.000322	0.000368	0.001243	0.000460	0.000000	
267	0.092642	0.110050	0.741181	0.006981	0.005971	0.040786	0.000322	0.000367	0.001240	0.000459	0.000000	
268	0.090388	0.110018	0.740058	0.008314	0.006466	0.042400	0.000323	0.000369	0.001663	0.000000	0.000000	
269	0.088178	0.108883	0.741612	0.008134	0.006470	0.044366	0.000324	0.000370	0.001664	0.000000	0.000000	
270	0.087466	0.106774	0.744270	0.007408	0.007177	0.044173	0.000324	0.000741	0.001667	0.000000	0.000000	
271	0.086724	0.106601	0.744763	0.008007	0.006983	0.043851	0.000652	0.000745	0.001676	0.000000	0.000000	
272	0.087097	0.106031	0.744180	0.006919	0.007246	0.045442	0.000655	0.000748	0.001683	0.000000	0.000000	
273	0.085570	0.103976	0.748068	0.006557	0.007494	0.045244	0.000656	0.000749	0.001686	0.000000	0.000000	
274	0.085272	0.103757	0.750314	0.005573	0.007663	0.044030	0.000975	0.000743	0.001672	0.000000	0.000000	
275	0.086011	0.102729	0.750768	0.005774	0.008149	0.043867	0.000652	0.000373	0.001676	0.000000	0.000000	
276	0.084908	0.102543	0.751155	0.005785	0.008631	0.045066	0.000653	0.000000	0.001260	0.000000	0.000000	
277	0.083613	0.103468	0.751119	0.005966	0.008622	0.045302	0.000652	0.000000	0.001258	0.000000	0.000000	
278	0.081842	0.103574	0.752809	0.006473	0.009017	0.044389	0.000647	0.000000	0.001248	0.000000	0.000000	
279	0.081252	0.102879	0.752337	0.006325	0.009534	0.045765	0.000651	0.000000	0.001256	0.000000	0.000000	
280	0.080659	0.101138	0.752124	0.006130	0.009984	0.047643	0.000650	0.000000	0.001672	0.000000	0.000000	
281	0.080930	0.100837	0.752791	0.006326	0.009535	0.046884	0.000977	0.000000	0.001256	0.000465	0.000000	
282	0.081622	0.101363	0.751400	0.005600	0.009567	0.048161	0.000980	0.000000	0.000840	0.000467	0.000000	
283	0.081084	0.100969	0.751088	0.005427	0.009825	0.048847	0.000983	0.000000	0.000842	0.000936	0.000000	
284	0.080149	0.100839	0.748742	0.005778	0.010019	0.051724	0.000979	0.000000	0.000839	0.000932	0.000000	
285	0.079936	0.099570	0.751683	0.005797	0.010985	0.048803	0.000982	0.000000	0.000841	0.001402	0.000000	
286	0.078689	0.098560	0.754208	0.005985	0.011221	0.047690	0.000982	0.000000	0.001262	0.001403	0.000000	
287	0.078804	0.096348	0.753933	0.005941	0.011370	0.049288	0.001299	0.000000	0.002088	0.000928	0.000000	
288	0.079295	0.095900	0.754373	0.006344	0.012127	0.048416	0.000980	0.000000	0.002099	0.000466	0.000000	
289	0.078944	0.094676	0.757410	0.005431	0.012408	0.048321	0.000656	0.000000	0.001686	0.000468	0.000000	
290	0.079506	0.095802	0.755565	0.005260	0.013384	0.047337	0.000986	0.000000	0.001691	0.000470	0.000000	
291	0.079774	0.095260	0.753895	0.004866	0.015206	0.047443	0.000983	0.000000	0.002105	0.000468	0.000000	
292	0.078806	0.093655	0.754364	0.004841	0.015594	0.048876	0.001303	0.000000	0.002095	0.000465	0.000000	
293	0.077889	0.092682	0.756440	0.005227	0.015867	0.048441	0.001307	0.000000	0.001680	0.000467	0.000000	
294	0.075095	0.089910	0.761809	0.005590	0.016072	0.048076	0.001304	0.000000	0.001677	0.000466	0.000000	
295	0.075585	0.089993	0.761820	0.005968	0.015621	0.047561	0.001306	0.000000	0.001679	0.000466	0.000000	
296	0.075156	0.090206	0.761287	0.005742	0.015281	0.048900	0.001297	0.000000	0.001667	0.000463	0.000000	
297	0.075506	0.091107	0.759548	0.006111	0.014583	0.049720	0.001296	0.000000	0.001667	0.000463	0.000000	
298	0.074621	0.091592	0.757921	0.006826	0.014989	0.050639	0.001291	0.000000	0.001660	0.000461	0.000000	
299	0.074454	0.092027	0.758463	0.006659	0.015723	0.049667	0.001295	0.000000	0.001249	0.000462	0.000000	
300	0.074551	0.092619	0.759301	0.006503	0.016025	0.047657	0.001626	0.000000	0.001254	0.000464	0.000000	
301	0.074567	0.092145	0.759922	0.007401	0.015728	0.046905	0.001619	0.000000	0.001249	0.000463	0.000000	
302	0.073228	0.090412	0.763409	0.007411	0.016906	0.045299	0.001621	0.000000	0.001251	0.000463	0.000000	
303	0.071916	0.090230	0.766122	0.007012	0.016837	0.044561	0.001615	0.000000	0.001246	0.000461	0.000000	
304	0.072852	0.091157	0.764249	0.007211	0.016641	0.045209	0.000971	0.000000	0.001248	0.000462	0.000000	
305	0.072911	0.090219	0.768193	0.007181	0.015190	0.043636	0.000967	0.000000	0.001243	0.000460	0.000000	
306	0.071543	0.089029	0.768388	0.007853	0.015295	0.044377	0.000959	0.000000	0.001644	0.000913	0.000000	
307	0.069870	0.088480	0.770784	0.007970	0.015396	0.044014	0.000951	0.000000	0.001630	0.000906	0.000000	
308	0.069145	0.086307	0.773773	0.007607	0.015622	0.043742	0.001268	0.000000	0.001630	0.000906	0.000000	
309	0.068329	0.085695	0.774654	0.007436	0.016550	0.044616	0.000635	0.000000	0.001632	0.000453	0.000000	
310	0.068434	0.087378	0.772808	0.007433	0.016769	0.044052	0.000634	0.000000	0.002039	0.000453	0.000000	
311	0.067183	0.088399	0.773698	0.007253	0.016320	0.044336	0.000317	0.000000	0.002040	0.000453	0.000000	
312	0.066782	0.089345	0.775775	0.007627	0.015436	0.042221	0.000318	0.000000	0.002043	0.000454	0.000000	
313	0.066603	0.088683	0.777293	0.007814	0.015220	0.041979	0.000318	0.000000	0.001636	0.000454	0.000000	
314	0.067484	0.089766	0.774948	0.008020	0.015265	0.042103	0.000319	0.000000	0.001640	0.000456	0.000000	
315	0.067792	0.089663	0.775116	0.007986	0.015655	0.041383	0.000318	0.000000	0.001634	0.000454	0.000000	
316	0.067534	0.090348	0.775172	0.007620	0.014741	0.042181	0.000317	0.000000	0.001633	0.000454	0.000000	
317	0.067221	0.089808	0.774124	0.007770	0.014230	0.044452	0.000316	0.000000	0.001626	0.000452	0.000000	
318	0.066715	0.090131	0.770959	0.007790	0.014720	0.047285	0.000317	0.000000	0.001631	0.000453	0.000000	
319	0.068234	0.091342	0.768384	0.008155	0.014725	0.046758	0.000317	0.000000	0.001631	0.000453	0.000000	
320	0.067650	0.090079	0.772713	0.008536	0.014756	0.043859	0.000318	0.000000	0.001635	0.000454	0.000000	
321	0.067142	0.089341	0.772880	0.008716	0.016116	0.043309	0.000000	0.000000	0.002043	0.000454	0.000000	
322	0.065996	0.089505	0.774290	0.009059	0.016533	0.042125	0.000000	0.000000	0.002038	0.000453	0.000000	
323	0.065583	0.088374	0.774695	0.009009	0.016891	0.042971	0.000000	0.000000	0.002027	0.000450	0.000000	
324	0.063370	0.089416	0.776013	0.009488	0.016559	0.042694	0.000000	0.000000	0.002014	0.000448	0.000000	
325	0.063517	0.088843	0.776861	0.009861	0.016361	0.042494	0.000000	0.000000	0.001614	0.000448	0.000000	
326	0.063874	0.089780	0.775460	0.009469	0.016080	0.042880	0.000000	0.000000	0.002010	0.000447	0.000000	
327	0.063907	0.089764	0.775991	0.009825	0.015854	0.041801	0.000000	0.000000	0.002412	0.000447	0.000000	
328	0.063411	0.089406	0.776529	0.010132	0.014886	0.043192	0.000000	0.000000	0.002000	0.000444	0.000000	
329	0.063164	0.088786	0.776122	0.010676	0.014679	0.044571	0.000000	0.000000	0.002002	0.000000	0.000000	
330	0.063792	0.088410	0.776146	0.011141	0.014825	0.043666	0.000000	0.000000	0.002022	0.000000	0.000000	
331	0.063986	0.088617	0.776882	0.010447	0.013734	0.044308	0.000000	0.000000	0.002026	0.000000	0.000000	
332	0.064907	0.087936	0.776708	0.010901	0.014308	0.043605	0.000000	0.000000	0.001635	0.000000	0.000000	
333	0.064390	0.089638	0.774044	0.010353	0.012942	0.047407	0.000000	0.000000	0.001226	0.000000	0.000000	
334	0.064682	0.088818	0.774273	0.009818	0.013182	0.048000	0.000000	0.000000	0.001227	0.000000	0.000000	
335	0.065042	0.087723	0.773556	0.010727	0.014545	0.047180	0.000000	0.000000	0.001227	0.000000	0.000000	
336	0.064861	0.087745	0.773731	0.010833	0.012864	0.047935	0.000000	0.000000	0.002031	0.000000	0.000000	
337	0.064124	0.087202	0.774198	0.010755	0.012771	0.048934	0.000000	0.000000	0.002016	0.000000	0.000000	
338	0.064723	0.086867	0.774793	0.011319	0.011903	0.048778	0.000000	0.000000	0.001617	0.000000	0.000000	
339	0.065164	0.087124	0.770647	0.011497	0.013024	0.050927	0.000000	0.000000	0.001617	0.000000	0.000000	
340	0.064915	0.087306	0.772887	0.011195	0.013317	0.048754	0.000000	0.000000	0.001625	0.000000	0.000000	
341	0.065102	0.088250	0.771870	0.010670	0.013337	0.049098	0.000000	0.000000	0.001221	0.000452	0.000000	
342	0.065385	0.088624	0.772167	0.011191	0.013312	0.047651	0.000000	0.000000	0.001218	0.000451	0.000000	
343	0.064308	0.088230	0.771011	0.012188	0.015008	0.048026	0.000000	0.000000	0.001228	0.000000	0.000000	
344	0.062722	0.087456	0.772615	0.012390	0.015487	0.048101	0.000000	0.000000	0.001230	0.000000	0.000000	
345	0.061570	0.086933	0.773004	0.012704	0.014746	0.049819	0.000000	0.000000	0.001225	0.000000	0.000000	
346	0.061476	0.086629	0.774892	0.013621	0.014756	0.047401	0.000000	0.000000	0.001226	0.000000	0.000000	
347	0.061741	0.085814	0.775710	0.013369	0.014453	0.047694	0.000000	0.000000	0.001219	0.000000	0.000000	
348	0.062022	0.087012	0.775499	0.013581	0.014487	0.046177	0.000000	0.000000	0.001222	0.000000	0.000000	
349	0.062630	0.087528	0.773333	0.013243	0.015646	0.045986	0.000000	0.000000	0.001633	0.000000	0.000000	
350	0.062741	0.086167	0.774277	0.012712	0.015890	0.046579	0.000000	0.000000	0.001634	0.000000	0.000000	
351	0.063914	0.086042	0.775888	0.013167	0.015316	0.044438	0.000000	0.000000	0.001234	0.000000	0.000000	
352	0.063612	0.086041	0.777267	0.013605	0.013559	0.044675	0.000000	0.000000	0.001241	0.000000	0.000000	
353	0.062863	0.085619	0.780184	0.013369	0.014422	0.042306	0.000000	0.000000	0.001236	0.000000	0.000000	
354	0.064038	0.087718	0.778955	0.013453	0.014512	0.040081	0.000000	0.000000	0.001244	0.000000	0.000000	
355	0.063188	0.085542	0.780523	0.013089	0.014749	0.040927	0.000323	0.000000	0.001659	0.000000	0.000000	
356	0.062792	0.086032	0.781777	0.013307	0.013630	0.040475	0.000323	0.000000	0.001663	0.000000	0.000000	
357	0.063034	0.085956	0.782060	0.012570	0.015019	0.039373	0.000323	0.000000	0.001664	0.000000	0.000000	
358	0.062033	0.086075	0.779766	0.012296	0.014682	0.043496	0.000000	0.000000	0.001652	0.000000	0.000000	
359	0.062380	0.087267	0.779494	0.012283	0.013750	0.044000	0.000000	0.000000	0.000825	0.000000	0.000000	
360	0.061788	0.087128	0.779747	0.012486	0.014231	0.043794	0.000000	0.000000	0.000826	0.000000	0.000000	
361	0.061277	0.087068	0.778398	0.012804	0.014633	0.044997	0.000000	0.000000	0.000823	0.000000	0.000000	
362	0.061557	0.086510	0.775974	0.013577	0.014908	0.047062	0.000000	0.000000	0.000413	0.000000	0.000000	
363	0.061814	0.085497	0.777569	0.013899	0.015545	0.045263	0.000000	0.000000	0.000411	0.000000	0.000000	
364	0.060216	0.082836	0.779664	0.014747	0.015703	0.046425	0.000000	0.000000	0.000410	0.000000	0.000000	
365	0.061166	0.082649	0.779557	0.014596	0.014824	0.046798	0.000000	0.000000	0.000411	0.000000	0.000000	
366	0.061531	0.082531	0.776341	0.014489	0.015589	0.048693	0.000000	0.000000	0.000825	0.000000	0.000000	
367	0.060074	0.079916	0.779729	0.014049	0.015737	0.049263	0.000000	0.000000	0.001232	0.000000	0.000000	
368	0.060363	0.079574	0.781172	0.013839	0.015478	0.048345	0.000000	0.000000	0.001229	0.000000	0.000000	
369	0.061064	0.079581	0.780877	0.013233	0.014933	0.049072	0.000000	0.000000	0.001241	0.000000	0.000000	
370	0.061062	0.080047	0.780531	0.013326	0.015060	0.048740	0.000000	0.000000	0.001232	0.000000	0.000000	
371	0.061384	0.081024	0.779803	0.013124	0.015038	0.048396	0.000000	0.000000	0.001230	0.000000	0.000000	
372	0.061924	0.081623	0.780575	0.012221	0.014820	0.047606	0.000000	0.000000	0.001231	0.000000	0.000000	
373	0.062048	0.082458	0.777854	0.012728	0.015001	0.049093	0.000000	0.000000	0.000818	0.000000	0.000000	
374	0.062704	0.084004	0.778258	0.011961	0.015872	0.046373	0.000000	0.000000	0.000828	0.000000	0.000000	
375	0.063253	0.085438	0.778567	0.011551	0.015813	0.044552	0.000000	0.000000	0.000825	0.000000	0.000000	
376	0.064346	0.086897	0.779314	0.011574	0.015156	0.041887	0.000000	0.000000	0.000827	0.000000	0.000000	
377	0.063012	0.086734	0.778541	0.011723	0.014654	0.044512	0.000000	0.000000	0.000824	0.000000	0.000000	
378	0.061884	0.087004	0.782627	0.011002	0.015127	0.041531	0.000000	0.000000	0.000825	0.000000	0.000000	
379	0.062659	0.089024	0.779886	0.011636	0.015238	0.040726	0.000000	0.000000	0.000831	0.000000	0.000000	
380	0.063152	0.088866	0.781309	0.011305	0.015058	0.039476	0.000000	0.000000	0.000834	0.000000	0.000000	
381	0.063935	0.087315	0.782639	0.011296	0.014815	0.039167	0.000000	0.000000	0.000833	0.000000	0.000000	
382	0.063702	0.086993	0.785280	0.011047	0.012888	0.038111	0.000000	0.000736	0.001243	0.000000	0.000000	
383	0.064194	0.088764	0.783356	0.011638	0.012931	0.037131	0.000000	0.000739	0.001247	0.000000	0.000000	
384	0.062285	0.090830	0.783544	0.010848	0.012181	0.037509	0.000000	0.000735	0.002068	0.000000	0.000000	
